rot1 = [1 0 0 0;0 0.866 -0.500 10.0; 0 0.50 0.866 -20; 0 0 0 1]
rot2 = [0.866 0.500 0 9.02; -0.500 0.866 0 -6.36; 0 0 1 8.00; 0 0 0 1]
rot3 = [0.866 0.4330 0.2500 -3.14; -0.500 0.750 0.433 0.5490; 0 -0.50 0.866 4.09; 0 0 0 1]
